Left:
D = [0.06866390345328643, -0.06531485927105408, 5.827400284167507e-05, -0.024291245093060205, 0.0]
K = [2406.1018954684114, 0.0, 771.0614234707111, 0.0, 2384.4132262897792, 513.416770338728, 0.0, 0.0, 1.0]
R = [0.999731150461176, -0.01110577345880153, -0.0203540805111682, 0.011318657026174296, 0.9998821289671798, 0.010373821628697684, 0.020236472041765912, -0.01060141348792602, 0.9997390135587192]
P = [2620.5032416396493, 0.0, 862.5700607299805, 0.0, 0.0, 2620.5032416396493, 495.9709663391113, 0.0, 0.0, 0.0, 1.0, 0.0]

Right:
D = [0.205622596331938, -1.0644347063561546, -0.0035010863264589233, -0.02217878085923138, 0.0]
K = [2396.740400627902, 0.0, 828.8413039810324, 0.0, 2397.1628674357726, 487.34406386756103, 0.0, 0.0, 1.0]
R = [0.9986098180407043, -0.010357266984712777, -0.05168325002666551, 0.00981443781386357, 0.9998940970438004, -0.010745766950807378, 0.05178907339496669, 0.010223586336048496, 0.9986057130616268]
P = [2620.5032416396493, 0.0, 862.5700607299805, -778.0207105504443, 0.0, 2620.5032416396493, 495.9709663391113, 0.0, 0.0, 0.0, 1.0, 0.0]
self.T = [-0.2964847010486992, 0.003075046079227722, 0.0153446247538869]
self.R = [0.999500456643005, -0.0018260908181699038, 0.03155158574062891, 0.0011698652277305737, 0.9997828794885774, 0.02080445377503705, -0.03158272606621235, -0.020757149945320096, 0.9992855808728424]
None

# oST version 5.0 parameters


[image]

width
1920

height
1080

[narrow_stereo/left]

camera matrix
2406.101895 0.000000 771.061423
0.000000 2384.413226 513.416770
0.000000 0.000000 1.000000

distortion
0.068664 -0.065315 0.000058 -0.024291 0.000000

rectification
0.999731 -0.011106 -0.020354
0.011319 0.999882 0.010374
0.020236 -0.010601 0.999739

projection
2620.503242 0.000000 862.570061 0.000000
0.000000 2620.503242 495.970966 0.000000
0.000000 0.000000 1.000000 0.000000
# oST version 5.0 parameters


[image]

width
1920

height
1080

[narrow_stereo/right]

camera matrix
2396.740401 0.000000 828.841304
0.000000 2397.162867 487.344064
0.000000 0.000000 1.000000

distortion
0.205623 -1.064435 -0.003501 -0.022179 0.000000

rectification
0.998610 -0.010357 -0.051683
0.009814 0.999894 -0.010746
0.051789 0.010224 0.998606

projection
2620.503242 0.000000 862.570061 -778.020711
0.000000 2620.503242 495.970966 0.000000
0.000000 0.000000 1.000000 0.000000

