Left:
D = [0.06114739827409697, -0.2824968539539435, -0.001092807603561372, 0.016532399582845882, 0.0]
K = [2294.844538836361, 0.0, 959.5, 0.0, 2295.9297779530757, 539.5, 0.0, 0.0, 1.0]
R = [0.9989806128086997, 0.006171510442517346, 0.04471742044453125, -0.006638727147296013, 0.9999248412445078, 0.010307238427902352, -0.04465044830927051, -0.010593598114133435, 0.9989465016429946]
P = [2514.2582699882664, 0.0, 931.4809188842773, 0.0, 0.0, 2514.2582699882664, 540.0461158752441, 0.0, 0.0, 0.0, 1.0, 0.0]

Right:
D = [0.06005984155003217, -0.1260378296866154, 0.0019692869321766486, 0.0031836223846316305, 0.0]
K = [2299.716780538973, 0.0, 959.5, 0.0, 2295.817291344165, 539.5, 0.0, 0.0, 1.0]
R = [0.9998618284431476, -0.008873046789181346, -0.014056779965644875, 0.008725620219060523, 0.9999066471718143, -0.010514775005359142, 0.014148765816080168, 0.01039066803904358, 0.9998459113501361]
P = [2514.2582699882664, 0.0, 931.4809188842773, -742.2210255712743, 0.0, 2514.2582699882664, 540.0461158752441, 0.0, 0.0, 0.0, 1.0, 0.0]
self.T = [-0.29516397762116364, 0.002619365705751061, 0.004149628447827156]
self.R = [0.9981529063536263, 0.014745735788748621, 0.05893503893149781, -0.015966057108453835, 0.9996666607703453, 0.020289217941484538, -0.058616214123895234, -0.021192702053204195, 0.9980556140924541]
None
# oST version 5.0 parameters


[image]

width
1920

height
1080

[narrow_stereo/left]

camera matrix
2294.844539 0.000000 959.500000
0.000000 2295.929778 539.500000
0.000000 0.000000 1.000000

distortion
0.061147 -0.282497 -0.001093 0.016532 0.000000

rectification
0.998981 0.006172 0.044717
-0.006639 0.999925 0.010307
-0.044650 -0.010594 0.998947

projection
2514.258270 0.000000 931.480919 0.000000
0.000000 2514.258270 540.046116 0.000000
0.000000 0.000000 1.000000 0.000000
# oST version 5.0 parameters


[image]

width
1920

height
1080

[narrow_stereo/right]

camera matrix
2299.716781 0.000000 959.500000
0.000000 2295.817291 539.500000
0.000000 0.000000 1.000000

distortion
0.060060 -0.126038 0.001969 0.003184 0.000000

rectification
0.999862 -0.008873 -0.014057
0.008726 0.999907 -0.010515
0.014149 0.010391 0.999846

projection
2514.258270 0.000000 931.480919 -742.221026
0.000000 2514.258270 540.046116 0.000000
0.000000 0.000000 1.000000 0.000000
