Left:
D = [0.05956223466607964, -0.13239157562658485, -0.007358050237911578, -0.006349164985370007, 0.0]
K = [2334.071636044232, 0.0, 855.6471875417594, 0.0, 2335.2596922876824, 475.81594369722603, 0.0, 0.0, 1.0]
R = [0.9978878084366977, 0.0019586337864878553, 0.06493139092222598, -0.0024052266202711134, 0.9999739839587959, 0.00680046251949647, -0.06491638204882985, -0.006942273349873618, 0.9978665583044789]
P = [2570.7956430435424, 0.0, 741.5652618408203, 0.0, 0.0, 2570.7956430435424, 482.8343849182129, 0.0, 0.0, 0.0, 1.0, 0.0]

Right:
D = [0.0804917367977153, -0.22180037755035964, 0.00019489486810445202, -0.0014744666275807335, 0.0]
K = [2304.582754468277, 0.0, 962.4327173719804, 0.0, 2308.106164956746, 495.6659090503596, 0.0, 0.0, 1.0]
R = [0.9984497887891938, -0.010897098202326304, 0.05458271262573105, 0.011272242094133923, 0.9999148835745401, -0.00656979179924827, -0.05450647507393517, 0.007174876785220181, 0.9984876390412308]
P = [2570.7956430435424, 0.0, 741.5652618408203, -760.8074224615735, 0.0, 2570.7956430435424, 482.8343849182129, 0.0, 0.0, 0.0, 1.0, 0.0]
self.T = [-0.2954836228704247, 0.0032249133524309814, -0.01615333875958333]
self.R = [0.999852122432212, 0.01360594517475275, 0.010517201324618862, -0.013744870381958296, 0.9998177163671199, 0.013251889549066722, -0.010334979728287232, -0.01339448746085943, 0.9998568777078432]
# oST version 5.0 parameters


[image]

width
1920

height
1080

[narrow_stereo/left]

camera matrix
2334.071636 0.000000 855.647188
0.000000 2335.259692 475.815944
0.000000 0.000000 1.000000

distortion
0.059562 -0.132392 -0.007358 -0.006349 0.000000

rectification
0.997888 0.001959 0.064931
-0.002405 0.999974 0.006800
-0.064916 -0.006942 0.997867

projection
2570.795643 0.000000 741.565262 0.000000
0.000000 2570.795643 482.834385 0.000000
0.000000 0.000000 1.000000 0.000000
# oST version 5.0 parameters


[image]

width
1920

height
1080

[narrow_stereo/right]

camera matrix
2304.582754 0.000000 962.432717
0.000000 2308.106165 495.665909
0.000000 0.000000 1.000000

distortion
0.080492 -0.221800 0.000195 -0.001474 0.000000

rectification
0.998450 -0.010897 0.054583
0.011272 0.999915 -0.006570
-0.054506 0.007175 0.998488

projection
2570.795643 0.000000 741.565262 -760.807422
0.000000 2570.795643 482.834385 0.000000
0.000000 0.000000 1.000000 0.000000
